N=15
0: 1 3 14 -1
1: 2 11 5 8 0 -1
2: 5 11 1 -1
3: 0 4 7 -1
4: 6 12 10 3 -1
5: 9 1 2 -1
6: 13 4 -1
7: 3 10 14 -1
8: 1 13 -1
9: 14 5 -1
10: 7 4 12 -1
11: 1 2 -1
12: 10 4 13 -1
13: 8 12 6 -1
14: 0 7 9 -1
<DrawPlanar>
0: 0 0 21
1: 14 4 21
2: 12 3 5
3: 1 8 11
4: 2 11 16
5: 11 2 7
6: 3 16 17
7: 8 9 13
8: 7 19 20
9: 10 1 2
10: 6 12 15
11: 13 5 6
12: 5 14 18
13: 4 17 19
14: 9 0 10
30: 21 0 14
31: 21 0 14
32: 8 0 1
33: 8 0 1
34: 0 0 9
35: 0 0 9
36: 4 12 14
37: 4 12 14
38: 6 13 14
39: 6 13 14
40: 7 11 14
41: 7 11 14
42: 20 7 14
43: 20 7 14
44: 3 11 12
45: 3 11 12
46: 5 12 13
47: 5 12 13
48: 11 1 2
49: 11 1 2
50: 9 1 8
51: 9 1 8
52: 16 2 3
53: 16 2 3
54: 14 2 5
55: 14 2 5
56: 12 2 6
57: 12 2 6
58: 2 10 11
59: 2 10 11
60: 17 3 4
61: 17 3 4
62: 13 6 8
63: 13 6 8
64: 10 8 9
65: 10 8 9
66: 19 4 7
67: 19 4 7
68: 1 9 10
69: 1 9 10
70: 15 5 6
71: 15 5 6
72: 18 4 5
73: 18 4 5
</DrawPlanar>
